32735
31327
5465
91486
15099
75305
31471
34578
38001
54274
7372
18620
35064
81912
14033
35437
19490
24237
70233
97073
31614
81581
15647
40251
33263
46304
31145
939
46392
12708
83358
58197
31939
11818
30559
56743
31558
92999
55098
31021
49640
76832
94021
70113
35951
59228
23948
82396
40261
55459
18889
41671
49473
34594
40394
22314
85087
9771
38310
60027
34190
17814
37335
6907
10760
42867
59716
84770
95672
13082
87625
79084
83627
26767
95
57345
73100
45056
28900
40368
71471
21766
65317
2711
51628
27992
15470
29344
88649
68891
45779
9663
25550
83182
82023
7085
65652
62100
25618
2716
65754
23823
28925
74960
9097
31864
27782
43436
70009
51470
63872
75215
43171
96768
42206
24114
99574
33205
59657
49708
48549
64787
9369
41666
30664
53669
12831
57204
39781
90856
56488
64661
74281
61086
13004
74602
47192
22393
8627
31354
42923
51442
57573
32500
94285
89402
21976
41627
67691
59929
71620
60483
86678
20808
11573
30721
94313
53824
17770
42522
53591
93660
70726
37651
11585
45924
5751
7878
7881
46835
4412
6197
90769
72689
36443
7903
15666
15899
23910
81357
39438
6223
40162
54120
91535
70749
74933
89164
98308
94243
93958
17990
60367
62696
96533
12737
34546
47178
27694
17736
51773
12606
33038
2481
10101
16523
53655
42623
18174
96762
46285
83305
28539
33609
79475
90100
92543
12073
423
46763
88931
2916
89125
16163
26806
27277
16542
41007
283
69074
1755
24357
76933
51773
19396
96428
35042
1695
43121
43797
25734
78736
23498
49903
25179
67167
89398
71599
59367
84137
30828
55510
29379
81569
68115
80107
38580
88322
37446
94619
24843
63822
26002
14323
30704
11785
71256
23243
2221
33246
98493
29903
93407
81781
8195
19549
67191
20637
40668
47142
26226
71411
39118
19400
77202
87018
4389
21316
30903
77826
84628
52842
66896
69212
71404
54772
46515
71191
80136
19407
40721
96355
77168
1172
50452
71045
78403
65139
36253
46509
85174
37271
41218
31703
41833
49219
86747
37516
96534
2615
44099
43333
21790
13087
36423
71214
4585
32561
5706
80363
47191
89958
87013
75181
29295
35003
68400
53836
69654
17608
79075
11129
91214
86198
40626
49379
37457
42328
36598
44095
9759
46074
4169
57409
95578
26944
28410
91572
35578
18424
24338
27219
34082
779
24903
96720
51773
6366
54112
1595
32119
14459
53590
94792
3743
38469
48243
13591
69802
87451
82018
66920
42406
65917
28352
52113
5218
61215
81539
405
90577
56132
65011
27946
38862
95878
50473
99644
67262
33217
67849
96868
12734
73303
151
16840
29634
40622
99684
21492
16380
94456
32390
96635
17451
26433
55699
78472
97138
83951
61878
53804
9693
76658
73683
42723
96851
39679
62017
28152
28181
46904
66340
5282
62328
90391
37715
85761
47926
67850
91701
6466
1790
49143
53659
60708
99007
24886
2633
90953
84601
75489
71573
56427
69709
37329
41483
16442
6519
84306
74991
50821
45712
87583
70847
72512
67755
64150
85040
74285
45081
75658
56504
91345
36091
93027
95773
54783
33830
99424
43520
56936
92334
64480
82540
49103
31830
85994
91530
44433
80359
61863
61946
4446
43810
24623
60229
46259
9019
43719
6874
19483
75237
76526
61076
66637
78181
28128
45124
99022
17822
61990
16232
91184
26153
88934
95157
21419
14440
50178
90748
63186
20771
1727
17475
62895
38201
2019
89014
23219
41409
2484
85146
47866
45462
41568
31486
93744
24181
46749
1991
19458
87534
56232
52716
15319
67598
82247
21953
49331
90855
51247
86683
66070
20938
72827
48153
30954
40387
8799
30459
21057
2620
36612
15158
25478
26008
27190
2209
33186
20808
86265
82980
54341
36671
40414
34557
42294
93554
84241
96302
57749
12077
43564
69318
44062
90708
50931
87476
63172
86651
74440
44621
75381
44888
88588
26778
32998
85567
26754
90443
97824
3758
8911
48463
85485
57595
95324
73551
85863
20889
77196
6112
8144
54548
78654
57891
51465
7469
10934
35806
7714
92062
89271
71422
61711
92117
95748
30630
65837
51518
47234
95420
31084
61081
6561
55027
94614
7831
57188
17262
95058
76076
46889
52520
11141
92902
94359
12712
96633
92031
44139
25312
75203
29476
49889
48715
42457
22008
63815
89284
59234
95190
10882
22730
10179
21566
30518
32907
44714
1569
75575
79598
13657
89825
68624
33578
64117
97723
29002
71977
57690
9501
542
9906
32571
33541
29565
55350
38887
73185
65435
13449
38353
42111
81882
33631
74328
68112
46296
88431
86376
26166
96311
96370
64661
16709
18272
52951
13801
58296
60543
13586
23259
95169
56123
80194
21909
29702
73658
79242
28099
77330
63712
83165
93385
7260
18013
19369
77984
76114
13408
31463
89148
83656
69388
5861
59763
79798
8303
53601
43867
30361
70746
41960
58179
5379
5124
3407
4307
88205
20020
10437
65001
16307
60741
93994
79641
55326
47309
493
69055
76839
90149
27841
97879
57248
81875
54396
33823
40283
48822
76486
87538
8867
34332
99856
94231
93413
77339
88351
28709
3099
44413
59176
29274
4293
71148
28209
42653
85957
69720
51173
92124
45802
63381
76822
14069
2831
15827
26902
4340
92108
33607
44246
65179
25728
33141
5184
45856
10367
80397
75343
25758
96242
30912
98964
97353
94904
20618
50991
68268
44020
83770
48512
16674
16150
3322
13519
2215
65481
31194
2478
55925
81597
51138
69896
46895
72572
95298
12823
50886
31033
67047
51156
26644
46302
67322
34638
39392
13329
69437
31612
57749
54847
38218
46870
90312
17039
43325
36348
21160
20963
73734
34962
49772
52084
20638
90517
40131
48501
59364
1438
36257
4775
27444
88956
6949
42765
65581
95428
41243
13455
61023
89636
27873
84495
8721
77172
16989
37012
84667
59465
80440
42233
7922
58496
58133
13541
53105
25950
2269
32841
63502
85297
8740
31410
6435
13247
55499
64935
7177
53028
51427
59997
95464
66102
36024
24998
99489
71230
60222
12378
26336
90207
21633
90944
74859
18093
23789
37209
37349
62484
78222
82897
59637
51085
70657
62084
45842
89814
68210
85940
13554
64662
53103
35627
28049
19721
30297
4620
69950
11060
71322
40592
19810
31537
24702
33952
75184
25201
44524
75224
51025
61548
63037
56707
52613
19724
60610
25155
51748
40658
66933
1737
41522
41147
61047
73103
92808
48066
24589
23111
86405
3191
42609
18633
48848
9484
39350
84813
76983
38275
82596
5247
96669
93405
89489
60794
64357
